0,541
0,540
930,3
930,2
930,1
930,0
929,3
929,2
929,1
929,0
928,3
928,2
928,1
928,0
927,3
927,2
927,1
927,0
926,3
926,2
926,1
926,0
925,3
925,2
925,1
925,0
919,11
919,10
919,9
919,8
919,7
919,6
919,5
919,4
924,3
924,2
924,1
924,0
923,3
923,2
923,1
923,0
922,3
922,2
922,1
922,0
921,3
921,2
921,1
921,0
920,3
920,2
920,1
920,0
919,3
919,2
919,1
919,0
918,3
918,2
918,1
918,0
917,3
917,2
917,1
917,0
916,3
916,2
916,1
916,0
915,3
915,2
915,1
915,0
914,3
914,2
914,1
914,0
913,3
913,2
913,1
913,0
907,7
907,6
907,5
907,4
912,3
912,2
912,1
912,0
911,3
911,2
911,1
911,0
910,3
910,2
910,1
910,0
909,3
909,2
909,1
909,0
908,3
908,2
908,1
908,0
907,3
907,2
907,1
907,0
0,536
0,534
906,3
906,2
906,1
906,0
905,3
905,2
905,1
905,0
904,3
904,2
904,1
904,0
903,3
903,2
903,1
903,0
902,3
902,2
902,1
902,0
901,3
901,2
901,1
901,0
900,3
900,2
900,1
900,0
894,11
894,10
894,9
894,8
894,7
894,6
894,5
894,4
899,3
899,2
899,1
899,0
898,3
898,2
898,1
898,0
897,3
897,2
897,1
897,0
896,3
896,2
896,1
896,0
895,3
895,2
895,1
895,0
894,3
894,2
894,1
894,0
0,365
893,3
893,2
893,1
893,0
892,3
892,2
892,1
892,0
891,3
891,2
891,1
891,0
890,3
890,2
890,1
890,0
889,3
889,2
889,1
889,0
888,3
888,2
888,1
888,0
882,7
882,6
882,5
882,4
887,3
887,2
887,1
887,0
886,3
886,2
886,1
886,0
885,3
885,2
885,1
885,0
884,3
884,2
884,1
884,0
883,3
883,2
883,1
883,0
882,3
882,2
882,1
882,0
0,533
881,3
881,2
881,1
881,0
880,3
880,2
880,1
880,0
879,3
879,2
879,1
879,0
878,3
878,2
878,1
878,0
877,3
877,2
877,1
877,0
876,3
876,2
876,1
876,0
870,11
870,10
870,9
870,8
870,7
870,6
870,5
870,4
875,3
875,2
875,1
875,0
874,3
874,2
874,1
874,0
873,3
873,2
873,1
873,0
872,3
872,2
872,1
872,0
871,3
871,2
871,1
871,0
870,3
870,2
870,1
870,0
0,360
0,532
869,3
869,2
869,1
869,0
868,3
868,2
868,1
868,0
867,3
867,2
867,1
867,0
866,3
866,2
866,1
866,0
865,3
865,2
865,1
865,0
864,3
864,2
864,1
864,0
858,7
858,6
858,5
858,4
863,3
863,2
863,1
863,0
862,3
862,2
862,1
862,0
861,3
861,2
861,1
861,0
860,3
860,2
860,1
860,0
859,3
859,2
859,1
859,0
858,3
858,2
858,1
858,0
0,531
0,530
0,529
0,528
0,527
0,521
0,520
0,519
857,38
857,37
857,36
857,35
825,0
824,3
824,2
824,1
824,0
823,3
823,2
823,1
823,0
822,3
822,2
822,1
822,0
821,3
821,2
821,1
821,0
820,3
820,2
820,1
820,0
819,3
819,2
819,1
819,0
818,7
818,6
818,5
818,4
818,3
818,2
818,1
818,0
423,5
423,4
423,3
423,2
423,1
423,0
336,1
336,3
204,1
204,3
202,6
202,5
202,4
202,3
202,2
202,1
202,0
180,6
180,5
180,4
180,3
180,2
180,1
180,0
179,6
179,5
179,4
179,3
179,2
179,1
179,0
178,6
178,5
178,4
178,3
178,2
178,1
178,0
162,1
162,3
143,1
137,1
137,3
135,1
132,1
130,1
130,3
98,1
98,3
67,1
67,6
65,4
65,1
65,3
49,1
49,4
14,122
14,121
14,120
14,108
